transcribed from https://www.youtube.com/watch?v=0rhprVfczmM
--------------------------------------------------------------------------------
                          2
  0 010   0 010   0 010123 3
   3   20  3   20  3        2
  0 0 0 0 0 0 0 0 0 0 0 0

23 3 3 3 3 3 3 3 3 3 3 3 3
when I was young we used to
--------------------------------------------------------------------------------
2023 2023
3333333333
2222 2222
0000 0000


then sit under the trailer porch
--------------------------------------------------------------------------------
